#Insight Transform File V1.0
#Transform 0
Transform: AffineTransform_float_3_3
Parameters: 0.999978 0.00651223 -0.00127121 -0.00652127 0.999953 -0.007243 0.00122398 0.00725113 0.999973 1.34482 -1.13186 0.626951
FixedParameters: 0 0 0

#Transform 1
Transform: AffineTransform_float_3_3
Parameters: 0.999978 0.00651223 -0.00127121 -0.00652127 0.999953 -0.007243 0.00122398 0.00725113 0.999973 1.34482 -1.13186 0.626951
FixedParameters: 0 0 0

#Transform 2
Transform: AffineTransform_float_3_3
Parameters: 0.999978 0.00651223 -0.00127121 -0.00652127 0.999953 -0.007243 0.00122398 0.00725113 0.999973 1.34482 -1.13186 0.626951
FixedParameters: 0 0 0

#Transform 3
Transform: AffineTransform_float_3_3
Parameters: 0.999978 0.00651223 -0.00127121 -0.00652127 0.999953 -0.007243 0.00122398 0.00725113 0.999973 1.34482 -1.13186 0.626951
FixedParameters: 0 0 0

#Transform 4
Transform: AffineTransform_float_3_3
Parameters: 0.999978 0.00651223 -0.00127121 -0.00652127 0.999953 -0.007243 0.00122398 0.00725113 0.999973 1.34482 -1.13186 0.626951
FixedParameters: 0 0 0

#Transform 5
Transform: AffineTransform_float_3_3
Parameters: 0.999986 0.00532642 -0.000463128 -0.00532961 0.99996 -0.00719076 0.000424809 0.00719313 0.999974 1.22098 -1.28599 0.499723
FixedParameters: 0 0 0

#Transform 6
Transform: AffineTransform_float_3_3
Parameters: 0.999996 0.00144398 -0.00246111 -0.00145431 0.99999 -0.00420272 0.00245502 0.00420628 0.999988 0.598459 -1.01136 -0.0113532
FixedParameters: 0 0 0

#Transform 7
Transform: AffineTransform_float_3_3
Parameters: 0.999992 0.000747454 -0.00396496 -0.000760738 0.999994 -0.00334987 0.00396243 0.00335286 0.999987 0.377679 -0.841898 -0.247817
FixedParameters: 0 0 0

#Transform 8
Transform: AffineTransform_float_3_3
Parameters: 0.999997 -0.000544503 -0.00242953 0.000541098 0.999999 -0.00140216 0.00243029 0.00140084 0.999996 0.343173 -0.585643 -0.674017
FixedParameters: 0 0 0

#Transform 9
Transform: AffineTransform_float_3_3
Parameters: 0.999999 0.000397374 -0.00164061 -0.000399345 0.999999 -0.00120127 0.00164013 0.00120192 0.999998 0.708539 -0.555802 -0.840007
FixedParameters: 0 0 0

#Transform 10
Transform: AffineTransform_float_3_3
Parameters: 0.999999 -0.000708296 -0.00112918 0.000707204 0.999999 -0.000966475 0.00112987 0.000965676 0.999999 0.432601 -0.454115 -0.862103
FixedParameters: 0 0 0

#Transform 11
Transform: AffineTransform_float_3_3
Parameters: 0.999996 -0.00261076 0.000483814 0.00260958 0.999994 0.00241906 -0.000490126 -0.00241778 0.999997 -0.0803093 0.103379 -1.4151
FixedParameters: 0 0 0

#Transform 12
Transform: AffineTransform_float_3_3
Parameters: 0.999983 -0.00500727 0.0029228 0.00499134 0.999973 0.00542981 -0.00294991 -0.00541513 0.999981 -0.632479 0.653752 -1.87051
FixedParameters: 0 0 0

#Transform 13
Transform: AffineTransform_float_3_3
Parameters: 0.999882 -0.0131721 0.00790912 0.0131285 0.999898 0.00553667 -0.00798125 -0.00543218 0.999953 -1.89069 0.676008 -1.55469
FixedParameters: 0 0 0

#Transform 14
Transform: AffineTransform_float_3_3
Parameters: 0.99989 -0.0122956 0.00833557 0.0122423 0.999904 0.00640729 -0.00841356 -0.00630454 0.999945 -1.71202 0.83943 -1.49656
FixedParameters: 0 0 0

#Transform 15
Transform: AffineTransform_float_3_3
Parameters: 1 -0.000485704 0.000437999 0.000480822 0.999938 0.0110792 -0.000443353 -0.011079 0.999939 -0.324392 1.39531 -2.52638
FixedParameters: 0 0 0

#Transform 16
Transform: AffineTransform_float_3_3
Parameters: 0.99998 -0.0053446 0.00341896 0.00531769 0.999955 0.00783004 -0.00346065 -0.0078117 0.999964 -1.07971 1.05754 -1.54369
FixedParameters: 0 0 0

#Transform 17
Transform: AffineTransform_float_3_3
Parameters: 0.99997 -0.00573223 0.0052375 0.0056865 0.999946 0.00870577 -0.00528712 -0.00867573 0.999948 -0.92394 1.21727 -1.55224
FixedParameters: 0 0 0

#Transform 18
Transform: AffineTransform_float_3_3
Parameters: 0.999979 0.00608312 -0.00212787 -0.00608872 0.999978 -0.00263849 0.00211178 0.0026514 0.999994 1.06186 -0.291461 1.30753
FixedParameters: 0 0 0

#Transform 19
Transform: AffineTransform_float_3_3
Parameters: 0.999984 0.00446574 -0.00335545 -0.0044987 0.999941 -0.00987842 0.00331114 0.00989336 0.999946 0.607971 -1.27274 3.13998
FixedParameters: 0 0 0

#Transform 20
Transform: AffineTransform_float_3_3
Parameters: 0.999988 -0.00492395 -0.00071141 0.00492289 0.999987 -0.0014857 0.000718716 0.00148218 0.999999 -1.11821 -0.0247964 1.53588
FixedParameters: 0 0 0

#Transform 21
Transform: AffineTransform_float_3_3
Parameters: 0.99999 -0.00429523 0.0013581 0.00429532 0.999991 -6.38128e-05 -0.00135781 6.96456e-05 0.999999 -0.969377 0.270505 1.3111
FixedParameters: 0 0 0

#Transform 22
Transform: AffineTransform_float_3_3
Parameters: 0.999999 -5.47286e-06 0.00112732 1.87977e-06 0.999995 0.00318724 -0.00112733 -0.00318724 0.999994 -0.185469 0.667121 0.7064
FixedParameters: 0 0 0

#Transform 23
Transform: AffineTransform_float_3_3
Parameters: 0.999997 0.00206455 0.00121348 -0.00206701 0.999996 0.00202512 -0.00120929 -0.00202763 0.999997 0.135776 0.559744 1.02632
FixedParameters: 0 0 0

#Transform 24
Transform: AffineTransform_float_3_3
Parameters: 0.999974 0.00716236 0.000737693 -0.00716092 0.999973 -0.00193436 -0.000751527 0.00192903 0.999998 0.940307 0.202163 1.91857
FixedParameters: 0 0 0

#Transform 25
Transform: AffineTransform_float_3_3
Parameters: 0.999956 0.00910916 -0.0023292 -0.00911043 0.999958 -0.000536366 0.00232422 0.000557562 0.999997 0.663463 0.44995 1.92251
FixedParameters: 0 0 0

#Transform 26
Transform: AffineTransform_float_3_3
Parameters: 0.999842 0.0177649 -0.000274858 -0.017765 0.999842 -0.000567237 0.000264738 0.00057203 1 2.92947 0.439362 1.86539
FixedParameters: 0 0 0
